"ap","rawX","rawY","transX","transY","floor"
"7704-perkins-011-c-06",756,489,280.451127819549,-225.572519083969,0
"7704-perkins-013-c-05-3802i",617,531,228.195488721805,-241.603053435115,0
"7704-perkins-017-c-03-3802i",579,596,213.90977443609,-266.412213740458,0
"7704-perkins-017-c-04-3802i",563,493,207.894736842105,-227.099236641221,0
"7704-perkins-021a-c-01-3802i",510,661,187.96992481203,-291.221374045802,0
"7704-perkins-023-c-02-3802i",495,607,182.330827067669,-270.610687022901,0
"7704-perkins-052-c-12-3802i",649,367,240.225563909775,-179.007633587786,0
"7704-perkins-054-c-13-3802i",755,367,280.075187969925,-179.007633587786,0
"7704-perkins-055cor-c-09-3802i",531,395,195.864661654135,-189.69465648855,0
"7704-perkins-058-c-16-3802i",646,309,239.097744360902,-156.870229007634,0
"7704-perkins-059-c-07-3802i",875,504,325.187969924812,-231.297709923664,0
"7704-perkins-060-c-08-3802i",938,514,348.872180451128,-235.114503816794,0
"7704-perkins-061-c-11-3802i",1051,493,391.353383458647,-227.099236641221,0
"7704-perkins-067-c-10-3802i",894,447,332.330827067669,-209.541984732824,0
"7704-perkins-067-c-14-3802i",865,330,321.428571428572,-164.885496183206,0
"7704-perkins-067-c-15-3802i",967,388,359.774436090226,-187.022900763359,0
"7704-perkins-067-c-21-3802i",810,225,300.751879699248,-124.809160305344,0
"7704-perkins-070-c-22-3802i",875,214,325.187969924812,-120.610687022901,0
"7704-perkins-071-c-23-3802i",940,173,349.624060150376,-104.961832061069,0
"7704-perkins-072-c-27-3802i",930,93,345.864661654135,-74.4274809160306,0
"7704-perkins-073-c-26",800,103,296.992481203008,-78.2442748091603,0
"7704-perkins-074-c-28-3802i",804,47,298.496240601504,-56.8702290076336,0
"7704-perkins-076-c-25-3802i",651,87,240.977443609023,-72.1374045801527,0
"7704-perkins-079-c-24-3802i",521,120,192.105263157895,-84.7328244274809,0
"7704-perkins-081-c-19-3802i",613,187,226.691729323308,-110.30534351145,0
"7704-perkins-085-c-20-3802i",747,193,277.067669172932,-112.595419847328,0
"7704-perkins-086-c-18-3802i",550,221,203.007518796993,-123.282442748092,0
"7704-perkins-087-c-17-3802i",745,292,276.315789473684,-150.381679389313,0
"7704-per-rub-080-1-h",133,481,46.2406015037596,-222.519083969466,0
"7704-per-rub-080-2-h-c",135,621,46.9924812030078,-275.954198473282,0
"7704-per-rub-080-3-h-c",135,701,46.9924812030078,-306.488549618321,0
"7704-per-rub-093-3-h-c",229,393,82.3308270676694,-188.931297709924,0
"7704-per-rub-093-4-h-c",294,393,106.766917293233,-188.931297709924,0
"7704-per-rub-093-5-h-c",351,391,128.195488721805,-188.167938931298,0
"7704-per-rub-093d-h-c",160,401,56.3909774436093,-191.984732824427,0
"7704-per-rub-094-1-c",74,401,24.0601503759401,-191.984732824427,0
"7704-per-rub-094-2-c",76,359,24.8120300751882,-175.954198473282,0
"7704-per-rub-095-c",336,783,122.556390977444,-337.786259541985,0
"7704-per-rub-099-1-c",250,500,90.2255639097746,-229.770992366412,0
"7704-per-rub-099-2-c",336,500,122.556390977444,-229.770992366412,0
"7704-per-rub-099-3-c",252,560,90.9774436090228,-252.671755725191,0
"7704-per-rub-099-4-c",340,560,124.06015037594,-252.671755725191,0
"7704-per-rub-099-5-c",250,619,90.2255639097746,-275.190839694657,0
"7704-per-rub-099-6-c",340,590,124.06015037594,-264.12213740458,0
"7704-perkins-100-c-v09-3802i",573,748,223.106060606061,-307.142857142857,1
"7704-perkins-100-v20-3802i",566,602,220.454545454545,-252.255639097744,1
"7704-perkins-101glas-c-v21-3802i",669,586,259.469696969697,-246.240601503759,1
"7704-perkins-101glas-c-v22-3802i",748,637,289.393939393939,-265.413533834586,1
"7704-perkins-101glas-c-v23-3802i",843,588,325.378787878788,-246.992481203008,1
"7704-perkins-101-v01-3802i",926,389,356.818181818182,-172.18045112782,1
"7704-perkins-101-v02-3802i",779,380,301.136363636364,-168.796992481203,1
"7704-perkins-101-v03-3802i",644,380,250,-168.796992481203,1
"7704-perkins-101-v10-3802i",579,322,225.378787878788,-146.992481203008,1
"7704-perkins-101-v11-3802i",704,325,272.727272727273,-148.12030075188,1
"7704-perkins-101-v12-3802i",855,327,329.924242424242,-148.872180451128,1
"7704-perkins-101-v14-3802i",642,223,249.242424242424,-109.774436090226,1
"7704-perkins-101-v15-3802i",762,220,294.69696969697,-108.646616541353,1
"7704-perkins-101-v16-3802i",927,234,357.19696969697,-113.90977443609,1
"7704-perkins-101-v17-3802i",586,107,228.030303030303,-66.1654135338346,1
"7704-perkins-101-v18-3802i",721,114,279.166666666667,-68.7969924812031,1
"7704-perkins-101-v19-3802i",855,116,329.924242424242,-69.5488721804512,1
"7704-perkins-102-c-v06-3802i",598,487,232.575757575758,-209.022556390977,1
"7704-perkins-102-v07-3802i",669,401,259.469696969697,-176.691729323308,1
"7704-perkins-102-v08-3802i",841,492,324.621212121212,-210.902255639098,1
"7704-perkins-105-v05-3802i",498,468,194.69696969697,-201.87969924812,1
"7704-perkins-106-v04-3802i",433,382,170.075757575758,-169.548872180451,1
"7704-perkins-109-c-v13-3802i",510,239,199.242424242424,-115.789473684211,1
"7704-per-rub-140a-c",522,635,203.787878787879,-264.661654135338,1
"7704-per-rub-140b-c",445,549,174.621212121212,-232.330827067669,1
"7704-per-rub-149-1-h",230,695,93.1818181818182,-287.218045112782,1
"7704-per-rub-149-2-h",158,698,65.9090909090909,-288.345864661654,1
"7704-per-rub-150-c",195,764,79.9242424242424,-313.157894736842,1
"7704-per-rub-151-c",239,774,96.5909090909091,-316.917293233083,1
"7704-per-rub-153-1-c",334,762,132.575757575758,-312.406015037594,1
"7704-per-rub-153-2-c",404,762,159.090909090909,-312.406015037594,1
"7704-per-rub-170-1-c-w",191,609,78.4090909090909,-254.887218045113,1
"7704-per-rub-170-2-c-w",286,610,114.393939393939,-255.263157894737,1
"7704-per-rub-171-1-c",218,519,88.6363636363636,-221.052631578947,1
"7704-per-rub-171-2-c",250,473,100.757575757576,-203.759398496241,1
"7704-per-rub-171-3-c",193,473,79.1666666666667,-203.759398496241,1
"7704-per-rub-175-1-c",309,517,123.106060606061,-220.300751879699,1
"7704-per-rub-175-2-c",352,515,139.393939393939,-219.548872180451,1
"7704-per-rub-175-3-c",288,463,115.151515151515,-200,1
"7704-per-rub-175-4-c",332,463,131.818181818182,-200,1
"7704-per-rub-175-5-c",383,463,151.136363636364,-200,1
"7704-per-rub-180a-h",96,470,42.4242424242424,-202.631578947368,1
"7704-per-rub-181-c",125,549,53.4090909090909,-232.330827067669,1
"7704-per-rub-191-1-c",246,366,99.2424242424242,-163.533834586466,1
"7704-per-rub-191-2-c",350,366,138.636363636364,-163.533834586466,1
"7704-per-rub-191b-h",205,357,83.7121212121212,-160.15037593985,1
"7704-per-rub-192-h",63,378,29.9242424242424,-168.045112781955,1
"7704-perkins-213-c-14-3802i",396,771,271.428571428571,-216.666666666667,2
"7704-perkins-215-c-16-3802i",758,701,359.0799031477,-199.75845410628,2
"7704-perkins-217-c-15-3802i",594,674,319.370460048426,-193.236714975845,2
"7704-perkins-226-c-06-3802i",739,227,354.479418886199,-85.2657004830918,2
"7704-perkins-226-c-07-3802i",608,197,322.760290556901,-78.0193236714976,2
"7704-perkins-226-c-08-3802i",397,138,271.670702179177,-63.768115942029,2
"7704-perkins-233-c-09-3802i",210,141,226.392251815981,-64.4927536231884,2
"7704-perkins-233-c-11-3802i",227,473,230.508474576271,-144.685990338164,2
"7704-perkins-233-c-12-3802i",99,305,199.515738498789,-104.106280193237,2
"7704-perkins-234-c-01-3802i",347,345,259.56416464891,-113.768115942029,2
"7704-perkins-234-c-02-3802i",466,576,288.377723970944,-169.565217391304,2
"7704-perkins-234-c-03-3802i",716,549,348.910411622276,-163.04347826087,2
"7704-perkins-234-c-04-3802i",756,446,358.595641646489,-138.164251207729,2
"7704-perkins-234-c-05-3802i",524,310,302.421307506053,-105.314009661836,2
"7704-perkins-243-c-10-3802i",133,546,207.74818401937,-162.31884057971,2
"7704-perkins-243-c-13-3802i",215,697,227.602905569007,-198.792270531401,2
"7704-perkins-311a-c-02-3802i",614,390,322.168674698795,-127.602905569007,3
"7704-perkins-311a-c-03-3802i",513,237,297.831325301205,-90.5569007263923,3
"7704-perkins-311a-c-04-3802i",520,110,299.518072289157,-59.8062953995157,3
"7704-perkins-311a-c-05-3802i",377,108,265.060240963855,-59.3220338983051,3
"7704-perkins-311a-c-06-3802i",424,447,276.385542168675,-141.404358353511,3
"7704-perkins-311a-c-07-3802i",321,302,251.566265060241,-106.295399515738,3
"7704-perkins-311a-c-08-3802i",320,487,251.325301204819,-151.089588377724,3
"7704-perkins-311a-c-09-3802i",255,110,235.66265060241,-59.8062953995157,3
"7704-perkins-311a-c-10-3802i",242,409,232.530120481928,-132.203389830508,3
"7704-perkins-311A-C23-3802I",767,180,359.036144578313,-76.7554479418886,3
"7704-perkins-311b-c-15-3802i",141,627,208.192771084337,-184.98789346247,3
"7704-perkins-311b-c-16-3802i",276,717,240.722891566265,-206.779661016949,3
"7704-perkins-311-c-01-3802i",491,543,292.530120481928,-164.648910411622,3
"7704-perkins-311c-c-17-3802i",413,707,273.734939759036,-204.358353510896,3
"7704-perkins-311c-c-18-3802i",604,754,319.759036144578,-215.738498789346,3
"7704-perkins-311c-c-19-3802i",761,598,357.590361445783,-177.966101694915,3
"7704-perkins-318p-c",767,300,359.036144578313,-105.811138014528,3
"7704-perkins-318t-h-c",762,492,357.831325301205,-152.300242130751,3
"7704-perkins-318v-h-c",765,388,358.55421686747,-127.118644067797,3
"7704-perkins-321q-c",182,409,218.072289156627,-132.203389830508,3
"7704-perkins-321s-h-c",182,304,218.072289156627,-106.779661016949,3
"7704-perkins-321w-c",177,226,216.867469879518,-87.8934624697337,3
"7704-perkins-321y-h-c",185,499,218.795180722892,-153.995157384988,3
