"ap","rawX","rawY","transX","transY","floor"
NA,428,30,157.142857142857,-50.381679389313,0
NA,1074,32,400,-51.145038167939,0
NA,1076,277,400.751879699248,-144.656488549618,0
NA,1164,277,433.834586466165,-144.656488549618,0
NA,1162,458,433.082706766917,-213.740458015267,0
NA,1078,464,401.503759398496,-216.030534351145,0
NA,1072,529,399.248120300752,-240.839694656489,0
NA,993,521,369.548872180451,-237.786259541985,0
NA,992,550,369.172932330827,-248.854961832061,0
NA,638,550,236.09022556391,-248.854961832061,0
NA,636,699,235.338345864662,-305.725190839695,0
NA,571,701,210.902255639098,-306.488549618321,0
NA,567,787,209.398496240602,-339.312977099237,0
NA,485,789,178.571428571429,-340.076335877863,0
NA,481,825,177.067669172932,-353.81679389313,0
NA,72,829,23.308270676692,-355.343511450382,0
NA,74,426,24.0601503759401,-201.526717557252,0
NA,13,428,1.12781954887247,-202.290076335878,0
NA,13,340,1.12781954887247,-168.702290076336,0
NA,498,342,183.458646616541,-169.465648854962,0
NA,500,177,184.21052631579,-106.488549618321,0
NA,430,177,157.894736842105,-106.488549618321,0
NA,428,30,157.142857142857,-50.381679389313,0
NA,475,123,185.984848484848,-72.1804511278196,1
NA,544,125,212.121212121212,-72.9323308270677,1
NA,547,54,213.257575757576,-46.2406015037594,1
NA,889,52,342.80303030303,-45.4887218045113,1
NA,894,119,344.69696969697,-70.6766917293234,1
NA,957,125,368.560606060606,-72.9323308270677,1
NA,964,265,371.212121212121,-125.563909774436,1
NA,1038,267,399.242424242424,-126.315789473684,1
NA,1047,505,402.651515151515,-215.789473684211,1
NA,901,498,347.348484848485,-213.157894736842,1
NA,894,542,344.69696969697,-229.699248120301,1
NA,864,547,333.333333333333,-231.578947368421,1
NA,866,660,334.090909090909,-274.06015037594,1
NA,621,670,241.287878787879,-277.81954887218,1
NA,617,838,239.772727272727,-340.977443609023,1
NA,545,838,212.5,-340.977443609023,1
NA,542,797,211.363636363636,-325.563909774436,1
NA,58,799,28.030303030303,-326.315789473684,1
NA,58,401,28.030303030303,-176.691729323308,1
NA,12,399,10.6060606060606,-175.93984962406,1
NA,12,331,10.6060606060606,-150.375939849624,1
NA,473,327,185.227272727273,-148.872180451128,1
NA,475,123,185.984848484848,-72.1804511278196,1
NA,1,598,175.786924939467,-174.87922705314,2
NA,43,599,185.956416464891,-175.12077294686,2
NA,38,171,184.745762711864,-71.7391304347826,2
NA,156,170,213.317191283293,-71.4975845410628,2
NA,155,57,213.075060532688,-44.2028985507246,2
NA,694,55,343.583535108959,-43.719806763285,2
NA,701,166,345.278450363196,-70.5314009661836,2
NA,807,170,370.944309927361,-71.4975845410628,2
NA,812,392,372.154963680387,-125.12077294686,2
NA,926,392,399.757869249395,-125.12077294686,2
NA,936,493,402.179176755448,-149.51690821256,2
NA,1026,495,423.970944309927,-150,2
NA,1028,598,424.455205811138,-174.87922705314,2
NA,928,603,400.242130750605,-176.086956521739,2
NA,928,751,400.242130750605,-211.835748792271,2
NA,697,749,344.309927360775,-211.352657004831,2
NA,697,749,344.309927360775,-211.352657004831,2
NA,696,827,344.067796610169,-230.193236714976,2
NA,153,834,212.590799031477,-231.884057971014,2
NA,156,714,213.317191283293,-202.898550724638,2
NA,5,711,176.755447941889,-202.173913043478,2
NA,1,598,175.786924939467,-174.87922705314,2
NA,1,587,174.457831325301,-175.302663438257,3
NA,48,588,185.78313253012,-175.544794188862,3
NA,50,160,186.265060240964,-71.9128329297821,3
NA,160,160,212.771084337349,-71.9128329297821,3
NA,160,48,212.771084337349,-44.7941888619855,3
NA,700,43,342.89156626506,-43.5835351089588,3
NA,704,160,343.855421686747,-71.9128329297821,3
NA,819,159,371.566265060241,-71.6707021791768,3
NA,819,489,371.566265060241,-151.573849878935,3
NA,987,491,412.048192771084,-152.058111380145,3
NA,990,578,412.771084337349,-173.123486682809,3
NA,931,580,398.55421686747,-173.607748184019,3
NA,933,738,399.036144578313,-211.864406779661,3
NA,709,743,345.060240963855,-213.075060532688,3
NA,705,817,344.096385542169,-230.992736077482,3
NA,164,816,213.734939759036,-230.750605326876,3
NA,160,702,212.771084337349,-203.147699757869,3
NA,1,699,174.457831325301,-202.421307506053,3
NA,1,587,174.457831325301,-175.302663438257,3
